(kicad_pcb (version 20171130) (host pcbnew "(5.1.4)-1")

  (general
    (thickness 1.6)
    (drawings 17)
    (tracks 1207)
    (zones 0)
    (modules 134)
    (nets 170)
  )

  (page A4)
  (layers
    (0 F.Cu signal)
    (1 PWR.Cu signal hide)
    (2 GND.Cu signal hide)
    (31 B.Cu signal)
    (32 B.Adhes user hide)
    (33 F.Adhes user hide)
    (34 B.Paste user hide)
    (35 F.Paste user)
    (36 B.SilkS user)
    (37 F.SilkS user hide)
    (38 B.Mask user hide)
    (39 F.Mask user)
    (40 Dwgs.User user hide)
    (41 Cmts.User user hide)
    (42 Eco1.User user hide)
    (43 Eco2.User user hide)
    (44 Edge.Cuts user)
    (45 Margin user hide)
    (46 B.CrtYd user hide)
    (47 F.CrtYd user)
    (48 B.Fab user hide)
    (49 F.Fab user)
  )

  (setup
    (last_trace_width 0.25)
    (trace_clearance 0.2)
    (zone_clearance 0.508)
    (zone_45_only no)
    (trace_min 0.2)
    (via_size 0.8)
    (via_drill 0.4)
    (via_min_size 0.4)
    (via_min_drill 0.3)
    (uvia_size 0.3)
    (uvia_drill 0.1)
    (uvias_allowed no)
    (uvia_min_size 0.2)
    (uvia_min_drill 0.1)
    (edge_width 0.05)
    (segment_width 0.2)
    (pcb_text_width 0.3)
    (pcb_text_size 1.5 1.5)
    (mod_edge_width 0.12)
    (mod_text_size 1 1)
    (mod_text_width 0.15)
    (pad_size 6 6)
    (pad_drill 4.5)
    (pad_to_mask_clearance 0.051)
    (solder_mask_min_width 0.25)
    (aux_axis_origin 0 0)
    (visible_elements 7FFFFFFF)
    (pcbplotparams
      (layerselection 0x010fc_ffffffff)
      (usegerberextensions false)
      (usegerberattributes false)
      (usegerberadvancedattributes false)
      (creategerberjobfile false)
      (excludeedgelayer true)
      (linewidth 0.100000)
      (plotframeref false)
      (viasonmask false)
      (mode 1)
      (useauxorigin false)
      (hpglpennumber 1)
      (hpglpenspeed 20)
      (hpglpendiameter 15.000000)
      (psnegative false)
      (psa4output false)
      (plotreference true)
      (plotvalue true)
      (plotinvisibletext false)
      (padsonsilk false)
      (subtractmaskfromsilk false)
      (outputformat 1)
      (mirror false)
      (drillshape 0)
      (scaleselection 1)
      (outputdirectory "Gerbers/"))
  )

  (net 0 "")
  (net 1 GND)
  (net 2 /3V3)
  (net 3 "Net-(C3-Pad1)")
  (net 4 /5V)
  (net 5 "Net-(C5-Pad2)")
  (net 6 "Net-(C5-Pad1)")
  (net 7 /VBAT)
  (net 8 "Net-(C8-Pad2)")
  (net 9 "Net-(C12-Pad1)")
  (net 10 "Net-(C15-Pad1)")
  (net 11 "Net-(C18-Pad1)")
  (net 12 "Net-(D1-Pad2)")
  (net 13 "Net-(D1-Pad1)")
  (net 14 "Net-(D2-Pad1)")
  (net 15 "Net-(D2-Pad2)")
  (net 16 "Net-(D3-Pad1)")
  (net 17 "Net-(D4-Pad1)")
  (net 18 "Net-(F1-Pad2)")
  (net 19 "Net-(J2-Pad1)")
  (net 20 /SDA)
  (net 21 /SCL)
  (net 22 "Net-(J2-Pad7)")
  (net 23 "Net-(J2-Pad11)")
  (net 24 "Net-(J2-Pad17)")
  (net 25 "Net-(J2-Pad19)")
  (net 26 "Net-(J2-Pad21)")
  (net 27 "Net-(J2-Pad23)")
  (net 28 "Net-(J2-Pad27)")
  (net 29 "Net-(J2-Pad29)")
  (net 30 "Net-(J2-Pad31)")
  (net 31 "Net-(J2-Pad33)")
  (net 32 "Net-(J2-Pad35)")
  (net 33 "Net-(J2-Pad8)")
  (net 34 "Net-(J2-Pad10)")
  (net 35 "Net-(J2-Pad12)")
  (net 36 "Net-(J2-Pad16)")
  (net 37 "Net-(J2-Pad18)")
  (net 38 "Net-(J2-Pad24)")
  (net 39 "Net-(J2-Pad26)")
  (net 40 "Net-(J2-Pad28)")
  (net 41 "Net-(J2-Pad32)")
  (net 42 "Net-(J2-Pad36)")
  (net 43 "Net-(J2-Pad38)")
  (net 44 "Net-(J2-Pad40)")
  (net 45 /MCU/MOSI)
  (net 46 /MCU/RST)
  (net 47 /MCU/MISO)
  (net 48 /MCU/SCK)
  (net 49 /sheet5E4ABAF5/MOSI)
  (net 50 /sheet5E4ABAF5/RST)
  (net 51 /sheet5E4ABAF5/MISO)
  (net 52 /sheet5E4ABAF5/SCK)
  (net 53 /sheet5E4ACBC0/SCK)
  (net 54 /sheet5E4ACBC0/MISO)
  (net 55 /sheet5E4ACBC0/RST)
  (net 56 /sheet5E4ACBC0/MOSI)
  (net 57 /sheet5E4ADD50/SCK)
  (net 58 /sheet5E4ADD50/MISO)
  (net 59 /sheet5E4ADD50/RST)
  (net 60 /sheet5E4ADD50/MOSI)
  (net 61 "Net-(L2-Pad2)")
  (net 62 "Net-(R1-Pad2)")
  (net 63 "Net-(R3-Pad2)")
  (net 64 "Net-(R5-Pad2)")
  (net 65 /MCU/CH1)
  (net 66 /MCU/ADC)
  (net 67 /MCU/CH2)
  (net 68 "Net-(R14-Pad1)")
  (net 69 /MCU/CH3)
  (net 70 /sheet5E4ABAF5/CH1)
  (net 71 /sheet5E4ABAF5/ADC)
  (net 72 "Net-(R21-Pad1)")
  (net 73 /sheet5E4ABAF5/CH2)
  (net 74 /sheet5E4ABAF5/CH3)
  (net 75 /sheet5E4ACBC0/CH1)
  (net 76 /sheet5E4ACBC0/ADC)
  (net 77 /sheet5E4ACBC0/CH2)
  (net 78 "Net-(R26-Pad1)")
  (net 79 /sheet5E4ACBC0/CH3)
  (net 80 /sheet5E4ADD50/CH1)
  (net 81 /sheet5E4ADD50/ADC)
  (net 82 /sheet5E4ADD50/CH2)
  (net 83 "Net-(R31-Pad1)")
  (net 84 /sheet5E4ADD50/CH3)
  (net 85 "Net-(TP1-Pad1)")
  (net 86 "Net-(TP2-Pad1)")
  (net 87 "Net-(TP3-Pad1)")
  (net 88 "Net-(TP4-Pad1)")
  (net 89 "Net-(TP5-Pad1)")
  (net 90 "Net-(TP6-Pad1)")
  (net 91 "Net-(TP7-Pad1)")
  (net 92 "Net-(TP8-Pad1)")
  (net 93 "Net-(U1-Pad2)")
  (net 94 "Net-(U1-Pad3)")
  (net 95 "Net-(U2-Pad3)")
  (net 96 "Net-(U2-Pad2)")
  (net 97 "Net-(U4-Pad2)")
  (net 98 "Net-(U4-Pad3)")
  (net 99 "Net-(U5-Pad3)")
  (net 100 "Net-(U5-Pad2)")
  (net 101 "Net-(U6-Pad1)")
  (net 102 "Net-(U6-Pad2)")
  (net 103 "Net-(U6-Pad9)")
  (net 104 "Net-(U6-Pad10)")
  (net 105 "Net-(U6-Pad11)")
  (net 106 "Net-(U6-Pad12)")
  (net 107 "Net-(U6-Pad13)")
  (net 108 "Net-(U6-Pad19)")
  (net 109 "Net-(U6-Pad22)")
  (net 110 "Net-(U6-Pad32)")
  (net 111 "Net-(U8-Pad32)")
  (net 112 "Net-(U8-Pad22)")
  (net 113 "Net-(U8-Pad19)")
  (net 114 "Net-(U8-Pad13)")
  (net 115 "Net-(U8-Pad12)")
  (net 116 "Net-(U8-Pad11)")
  (net 117 "Net-(U8-Pad10)")
  (net 118 "Net-(U8-Pad9)")
  (net 119 "Net-(U8-Pad2)")
  (net 120 "Net-(U8-Pad1)")
  (net 121 "Net-(U9-Pad1)")
  (net 122 "Net-(U9-Pad2)")
  (net 123 "Net-(U9-Pad9)")
  (net 124 "Net-(U9-Pad10)")
  (net 125 "Net-(U9-Pad11)")
  (net 126 "Net-(U9-Pad12)")
  (net 127 "Net-(U9-Pad13)")
  (net 128 "Net-(U9-Pad19)")
  (net 129 "Net-(U9-Pad22)")
  (net 130 "Net-(U9-Pad32)")
  (net 131 "Net-(U10-Pad32)")
  (net 132 "Net-(U10-Pad22)")
  (net 133 "Net-(U10-Pad19)")
  (net 134 "Net-(U10-Pad13)")
  (net 135 "Net-(U10-Pad12)")
  (net 136 "Net-(U10-Pad11)")
  (net 137 "Net-(U10-Pad10)")
  (net 138 "Net-(U10-Pad9)")
  (net 139 "Net-(U10-Pad2)")
  (net 140 "Net-(U10-Pad1)")
  (net 141 /VoltageRegulation/5V_OUT)
  (net 142 /VoltageRegulation/3V3_OUT)
  (net 143 "Net-(D5-Pad1)")
  (net 144 /USR_LED)
  (net 145 /4S_BATT_ALRM)
  (net 146 /BATT_SEL)
  (net 147 /3S_BATT_ALRM)
  (net 148 "Net-(R33-Pad1)")
  (net 149 "Net-(R35-Pad1)")
  (net 150 "Net-(R39-Pad1)")
  (net 151 "Net-(R40-Pad1)")
  (net 152 "Net-(R41-Pad1)")
  (net 153 "Net-(R42-Pad1)")
  (net 154 "Net-(R43-Pad1)")
  (net 155 "Net-(R44-Pad1)")
  (net 156 "Net-(R45-Pad1)")
  (net 157 "Net-(R46-Pad1)")
  (net 158 "Net-(R47-Pad1)")
  (net 159 "Net-(R48-Pad1)")
  (net 160 "Net-(R49-Pad1)")
  (net 161 "Net-(R50-Pad1)")
  (net 162 "Net-(C27-Pad1)")
  (net 163 "Net-(C28-Pad1)")
  (net 164 "Net-(C29-Pad1)")
  (net 165 "Net-(C30-Pad1)")
  (net 166 "Net-(C31-Pad1)")
  (net 167 "Net-(C32-Pad1)")
  (net 168 "Net-(C33-Pad1)")
  (net 169 "Net-(C34-Pad1)")

  (net_class Default "This is the default net class."
    (clearance 0.2)
    (trace_width 0.25)
    (via_dia 0.8)
    (via_drill 0.4)
    (uvia_dia 0.3)
    (uvia_drill 0.1)
    (add_net /3S_BATT_ALRM)
    (add_net /3V3)
    (add_net /4S_BATT_ALRM)
    (add_net /5V)
    (add_net /BATT_SEL)
    (add_net /MCU/ADC)
    (add_net /MCU/CH1)
    (add_net /MCU/CH2)
    (add_net /MCU/CH3)
    (add_net /MCU/MISO)
    (add_net /MCU/MOSI)
    (add_net /MCU/RST)
    (add_net /MCU/SCK)
    (add_net /SCL)
    (add_net /SDA)
    (add_net /USR_LED)
    (add_net /VBAT)
    (add_net /VoltageRegulation/3V3_OUT)
    (add_net /VoltageRegulation/5V_OUT)
    (add_net /sheet5E4ABAF5/ADC)
    (add_net /sheet5E4ABAF5/CH1)
    (add_net /sheet5E4ABAF5/CH2)
    (add_net /sheet5E4ABAF5/CH3)
    (add_net /sheet5E4ABAF5/MISO)
    (add_net /sheet5E4ABAF5/MOSI)
    (add_net /sheet5E4ABAF5/RST)
    (add_net /sheet5E4ABAF5/SCK)
    (add_net /sheet5E4ACBC0/ADC)
    (add_net /sheet5E4ACBC0/CH1)
    (add_net /sheet5E4ACBC0/CH2)
    (add_net /sheet5E4ACBC0/CH3)
    (add_net /sheet5E4ACBC0/MISO)
    (add_net /sheet5E4ACBC0/MOSI)
    (add_net /sheet5E4ACBC0/RST)
    (add_net /sheet5E4ACBC0/SCK)
    (add_net /sheet5E4ADD50/ADC)
    (add_net /sheet5E4ADD50/CH1)
    (add_net /sheet5E4ADD50/CH2)
    (add_net /sheet5E4ADD50/CH3)
    (add_net /sheet5E4ADD50/MISO)
    (add_net /sheet5E4ADD50/MOSI)
    (add_net /sheet5E4ADD50/RST)
    (add_net /sheet5E4ADD50/SCK)
    (add_net GND)
    (add_net "Net-(C12-Pad1)")
    (add_net "Net-(C15-Pad1)")
    (add_net "Net-(C18-Pad1)")
    (add_net "Net-(C27-Pad1)")
    (add_net "Net-(C28-Pad1)")
    (add_net "Net-(C29-Pad1)")
    (add_net "Net-(C3-Pad1)")
    (add_net "Net-(C30-Pad1)")
    (add_net "Net-(C31-Pad1)")
    (add_net "Net-(C32-Pad1)")
    (add_net "Net-(C33-Pad1)")
    (add_net "Net-(C34-Pad1)")
    (add_net "Net-(C5-Pad1)")
    (add_net "Net-(C5-Pad2)")
    (add_net "Net-(C8-Pad2)")
    (add_net "Net-(D1-Pad1)")
    (add_net "Net-(D1-Pad2)")
    (add_net "Net-(D2-Pad1)")
    (add_net "Net-(D2-Pad2)")
    (add_net "Net-(D3-Pad1)")
    (add_net "Net-(D4-Pad1)")
    (add_net "Net-(D5-Pad1)")
    (add_net "Net-(F1-Pad2)")
    (add_net "Net-(J2-Pad1)")
    (add_net "Net-(J2-Pad10)")
    (add_net "Net-(J2-Pad11)")
    (add_net "Net-(J2-Pad12)")
    (add_net "Net-(J2-Pad16)")
    (add_net "Net-(J2-Pad17)")
    (add_net "Net-(J2-Pad18)")
    (add_net "Net-(J2-Pad19)")
    (add_net "Net-(J2-Pad21)")
    (add_net "Net-(J2-Pad23)")
    (add_net "Net-(J2-Pad24)")
    (add_net "Net-(J2-Pad26)")
    (add_net "Net-(J2-Pad27)")
    (add_net "Net-(J2-Pad28)")
    (add_net "Net-(J2-Pad29)")
    (add_net "Net-(J2-Pad31)")
    (add_net "Net-(J2-Pad32)")
    (add_net "Net-(J2-Pad33)")
    (add_net "Net-(J2-Pad35)")
    (add_net "Net-(J2-Pad36)")
    (add_net "Net-(J2-Pad38)")
    (add_net "Net-(J2-Pad40)")
    (add_net "Net-(J2-Pad7)")
    (add_net "Net-(J2-Pad8)")
    (add_net "Net-(L2-Pad2)")
    (add_net "Net-(R1-Pad2)")
    (add_net "Net-(R14-Pad1)")
    (add_net "Net-(R21-Pad1)")
    (add_net "Net-(R26-Pad1)")
    (add_net "Net-(R3-Pad2)")
    (add_net "Net-(R31-Pad1)")
    (add_net "Net-(R33-Pad1)")
    (add_net "Net-(R35-Pad1)")
    (add_net "Net-(R39-Pad1)")
    (add_net "Net-(R40-Pad1)")
    (add_net "Net-(R41-Pad1)")
    (add_net "Net-(R42-Pad1)")
    (add_net "Net-(R43-Pad1)")
    (add_net "Net-(R44-Pad1)")
    (add_net "Net-(R45-Pad1)")
    (add_net "Net-(R46-Pad1)")
    (add_net "Net-(R47-Pad1)")
    (add_net "Net-(R48-Pad1)")
    (add_net "Net-(R49-Pad1)")
    (add_net "Net-(R5-Pad2)")
    (add_net "Net-(R50-Pad1)")
    (add_net "Net-(TP1-Pad1)")
    (add_net "Net-(TP2-Pad1)")
    (add_net "Net-(TP3-Pad1)")
    (add_net "Net-(TP4-Pad1)")
    (add_net "Net-(TP5-Pad1)")
    (add_net "Net-(TP6-Pad1)")
    (add_net "Net-(TP7-Pad1)")
    (add_net "Net-(TP8-Pad1)")
    (add_net "Net-(U1-Pad2)")
    (add_net "Net-(U1-Pad3)")
    (add_net "Net-(U10-Pad1)")
    (add_net "Net-(U10-Pad10)")
    (add_net "Net-(U10-Pad11)")
    (add_net "Net-(U10-Pad12)")
    (add_net "Net-(U10-Pad13)")
    (add_net "Net-(U10-Pad19)")
    (add_net "Net-(U10-Pad2)")
    (add_net "Net-(U10-Pad22)")
    (add_net "Net-(U10-Pad32)")
    (add_net "Net-(U10-Pad9)")
    (add_net "Net-(U2-Pad2)")
    (add_net "Net-(U2-Pad3)")
    (add_net "Net-(U4-Pad2)")
    (add_net "Net-(U4-Pad3)")
    (add_net "Net-(U5-Pad2)")
    (add_net "Net-(U5-Pad3)")
    (add_net "Net-(U6-Pad1)")
    (add_net "Net-(U6-Pad10)")
    (add_net "Net-(U6-Pad11)")
    (add_net "Net-(U6-Pad12)")
    (add_net "Net-(U6-Pad13)")
    (add_net "Net-(U6-Pad19)")
    (add_net "Net-(U6-Pad2)")
    (add_net "Net-(U6-Pad22)")
    (add_net "Net-(U6-Pad32)")
    (add_net "Net-(U6-Pad9)")
    (add_net "Net-(U8-Pad1)")
    (add_net "Net-(U8-Pad10)")
    (add_net "Net-(U8-Pad11)")
    (add_net "Net-(U8-Pad12)")
    (add_net "Net-(U8-Pad13)")
    (add_net "Net-(U8-Pad19)")
    (add_net "Net-(U8-Pad2)")
    (add_net "Net-(U8-Pad22)")
    (add_net "Net-(U8-Pad32)")
    (add_net "Net-(U8-Pad9)")
    (add_net "Net-(U9-Pad1)")
    (add_net "Net-(U9-Pad10)")
    (add_net "Net-(U9-Pad11)")
    (add_net "Net-(U9-Pad12)")
    (add_net "Net-(U9-Pad13)")
    (add_net "Net-(U9-Pad19)")
    (add_net "Net-(U9-Pad2)")
    (add_net "Net-(U9-Pad22)")
    (add_net "Net-(U9-Pad32)")
    (add_net "Net-(U9-Pad9)")
  )

  (module Footprint:RX5808_SMD (layer F.Cu) (tedit 5E5B31F1) (tstamp 5E5CDB95)
    (at 102.29342 103.08844)
    (path /5E4ADD5F)
    (fp_text reference U2 (at -4.75742 -1.29794) (layer F.SilkS)
      (effects (font (size 1 1) (thickness 0.15)))
    )
    (fp_text value RX5808 (at 1.27 5.08) (layer F.Fab)
      (effects (font (size 1 1) (thickness 0.15)))
    )
    (pad 1 smd oval (at 0 -20.32) (size 2 1.6) (layers F.Cu F.Paste F.Mask)
      (net 1 GND))
    (pad 2 smd oval (at 0 -17.78) (size 2 1.6) (layers F.Cu F.Paste F.Mask)
      (net 96 "Net-(U2-Pad2)"))
    (pad 3 smd oval (at 0 -15.24) (size 2 1.6) (layers F.Cu F.Paste F.Mask)
      (net 95 "Net-(U2-Pad3)"))
    (pad 4 smd oval (at 0 -12.7) (size 2 1.6) (layers F.Cu F.Paste F.Mask)
      (net 81 /sheet5E4ADD50/ADC))
    (pad 5 smd oval (at 0 -10.16) (size 2 1.6) (layers F.Cu F.Paste F.Mask)
      (net 2 /3V3))
    (pad 6 smd oval (at 0 -7.62) (size 2 1.6) (layers F.Cu F.Paste F.Mask)
      (net 1 GND))
    (pad 7 smd oval (at 0 -5.08) (size 2 1.6) (layers F.Cu F.Paste F.Mask)
      (net 84 /sheet5E4ADD50/CH3))
    (pad 8 smd oval (at 0 -2.54) (size 2 1.6) (layers F.Cu F.Paste F.Mask)
      (net 82 /sheet5E4ADD50/CH2))
    (pad 9 smd oval (at 0 0) (size 2 1.6) (layers F.Cu F.Paste F.Mask)
      (net 80 /sheet5E4ADD50/CH1))
    (pad " " smd oval (at -28 0) (size 2 1.6) (layers F.Cu F.Paste F.Mask))
    (pad " " smd oval (at -28 -2.54) (size 2 1.6) (layers F.Cu F.Paste F.Mask))
    (pad " " smd oval (at -28 -5.08) (size 2 1.6) (layers F.Cu F.Paste F.Mask))
    (model D:/Github/KiCad_Part_Library/Solid/RX5808.step
      (offset (xyz -28 22 0))
      (scale (xyz 1 1 1))
      (rotate (xyz 0 0 0))
    )
  )

  (module Footprint:CSM-3X_Crystal (layer B.Cu) (tedit 5E5B3DA1) (tstamp 5E5BD1CC)
    (at 58.17616 103.43896 180)
    (path /5E4ABAFE/5E762CFE)
    (fp_text reference Y2 (at 2.71526 1.16586 180) (layer B.SilkS)
      (effects (font (size 1 1) (thickness 0.15)) (justify mirror))
    )
    (fp_text value Crystal (at 0 0.5 180) (layer B.Fab)
      (effects (font (size 1 1) (thickness 0.15)) (justify mirror))
    )
    (fp_line (start -1.143 -2.159) (end -1.143 1.941) (layer B.SilkS) (width 0.12))
    (fp_line (start 6.457 -2.159) (end -1.143 -2.159) (layer B.SilkS) (width 0.12))
    (fp_line (start 6.477 2.032) (end 6.477 -2.068) (layer B.SilkS) (width 0.12))
    (fp_line (start -1.123 2.032) (end 6.477 2.032) (layer B.SilkS) (width 0.12))
    (pad 2 smd rect (at 5.5 0 180) (size 3.5 1.2) (layers B.Cu B.Paste B.Mask)
      (net 164 "Net-(C29-Pad1)"))
    (pad 1 smd rect (at 0 0 180) (size 3.5 1.2) (layers B.Cu B.Paste B.Mask)
      (net 165 "Net-(C30-Pad1)"))
  )

  (module Footprint:CSM-3X_Crystal (layer B.Cu) (tedit 5E5B3DA1) (tstamp 5E5D09E1)
    (at 56.88584 129.77368 180)
    (path /5E4077E0/5E762CFE)
    (fp_text reference Y1 (at 2.74574 1.28778 180) (layer B.SilkS)
      (effects (font (size 1 1) (thickness 0.15)) (justify mirror))
    )
    (fp_text value Crystal (at 0 0.5 180) (layer B.Fab)
      (effects (font (size 1 1) (thickness 0.15)) (justify mirror))
    )
    (fp_line (start -1.143 -2.159) (end -1.143 1.941) (layer B.SilkS) (width 0.12))
    (fp_line (start 6.457 -2.159) (end -1.143 -2.159) (layer B.SilkS) (width 0.12))
    (fp_line (start 6.477 2.032) (end 6.477 -2.068) (layer B.SilkS) (width 0.12))
    (fp_line (start -1.123 2.032) (end 6.477 2.032) (layer B.SilkS) (width 0.12))
    (pad 2 smd rect (at 5.5 0 180) (size 3.5 1.2) (layers B.Cu B.Paste B.Mask)
      (net 162 "Net-(C27-Pad1)"))
    (pad 1 smd rect (at 0 0 180) (size 3.5 1.2) (layers B.Cu B.Paste B.Mask)
      (net 163 "Net-(C28-Pad1)"))
  )

  (module Footprint:CSM-3X_Crystal (layer B.Cu) (tedit 5E5B3DA1) (tstamp 5E5BD1D2)
    (at 86.6004 107.315)
    (path /5E4ACBC9/5E762CFE)
    (fp_text reference Y3 (at 2.7441 -1.397 180) (layer B.SilkS)
      (effects (font (size 1 1) (thickness 0.15)) (justify mirror))
    )
    (fp_text value Crystal (at 0 0.5 180) (layer B.Fab)
      (effects (font (size 1 1) (thickness 0.15)) (justify mirror))
    )
    (fp_line (start -1.143 -2.159) (end -1.143 1.941) (layer B.SilkS) (width 0.12))
    (fp_line (start 6.457 -2.159) (end -1.143 -2.159) (layer B.SilkS) (width 0.12))
    (fp_line (start 6.477 2.032) (end 6.477 -2.068) (layer B.SilkS) (width 0.12))
    (fp_line (start -1.123 2.032) (end 6.477 2.032) (layer B.SilkS) (width 0.12))
    (pad 2 smd rect (at 5.5 0) (size 3.5 1.2) (layers B.Cu B.Paste B.Mask)
      (net 166 "Net-(C31-Pad1)"))
    (pad 1 smd rect (at 0 0) (size 3.5 1.2) (layers B.Cu B.Paste B.Mask)
      (net 167 "Net-(C32-Pad1)"))
  )

  (module Footprint:CSM-3X_Crystal (layer B.Cu) (tedit 5E5B3DA1) (tstamp 5E5BD1D8)
    (at 86.9188 82.0674)
    (path /5E4ADD59/5E762CFE)
    (fp_text reference Y4 (at 2.8067 -1.2319 180) (layer B.SilkS)
      (effects (font (size 1 1) (thickness 0.15)) (justify mirror))
    )
    (fp_text value Crystal (at 0 0.5 180) (layer B.Fab)
      (effects (font (size 1 1) (thickness 0.15)) (justify mirror))
    )
    (fp_line (start -1.143 -2.159) (end -1.143 1.941) (layer B.SilkS) (width 0.12))
    (fp_line (start 6.457 -2.159) (end -1.143 -2.159) (layer B.SilkS) (width 0.12))
    (fp_line (start 6.477 2.032) (end 6.477 -2.068) (layer B.SilkS) (width 0.12))
    (fp_line (start -1.123 2.032) (end 6.477 2.032) (layer B.SilkS) (width 0.12))
    (pad 2 smd rect (at 5.5 0) (size 3.5 1.2) (layers B.Cu B.Paste B.Mask)
      (net 168 "Net-(C33-Pad1)"))
    (pad 1 smd rect (at 0 0) (size 3.5 1.2) (layers B.Cu B.Paste B.Mask)
      (net 169 "Net-(C34-Pad1)"))
  )

  (module Capacitor_SMD:C_0805_2012Metric (layer B.Cu) (tedit 5B36C52B) (tstamp 5E5E5F74)
    (at 58.58764 108.18138 90)
    (descr "Capacitor SMD 0805 (2012 Metric), square (rectangular) end terminal, IPC_7351 nominal, (Body size source: https://docs.google.com/spreadsheets/d/1BsfQQcO9C6DZCsRaXUlFlo91Tg2WpOkGARC1WS5S8t0/edit?usp=sharing), generated with kicad-footprint-generator")
    (tags capacitor)
    (path /5E4077E0/5E40A5C9)
    (attr smd)
    (fp_text reference C1 (at 2.77138 5.11556 90) (layer B.SilkS)
      (effects (font (size 1 1) (thickness 0.15)) (justify mirror))
    )
    (fp_text value 1uF (at 0 -1.65 90) (layer B.Fab)
      (effects (font (size 1 1) (thickness 0.15)) (justify mirror))
    )
    (fp_text user %R (at 0 0 90) (layer B.Fab)
      (effects (font (size 0.5 0.5) (thickness 0.08)) (justify mirror))
    )
    (fp_line (start 1.68 -0.95) (end -1.68 -0.95) (layer B.CrtYd) (width 0.05))
    (fp_line (start 1.68 0.95) (end 1.68 -0.95) (layer B.CrtYd) (width 0.05))
    (fp_line (start -1.68 0.95) (end 1.68 0.95) (layer B.CrtYd) (width 0.05))
    (fp_line (start -1.68 -0.95) (end -1.68 0.95) (layer B.CrtYd) (width 0.05))
    (fp_line (start -0.258578 -0.71) (end 0.258578 -0.71) (layer B.SilkS) (width 0.12))
    (fp_line (start -0.258578 0.71) (end 0.258578 0.71) (layer B.SilkS) (width 0.12))
    (fp_line (start 1 -0.6) (end -1 -0.6) (layer B.Fab) (width 0.1))
    (fp_line (start 1 0.6) (end 1 -0.6) (layer B.Fab) (width 0.1))
    (fp_line (start -1 0.6) (end 1 0.6) (layer B.Fab) (width 0.1))
    (fp_line (start -1 -0.6) (end -1 0.6) (layer B.Fab) (width 0.1))
    (pad 2 smd roundrect (at 0.9375 0 90) (size 0.975 1.4) (layers B.Cu B.Paste B.Mask) (roundrect_rratio 0.25)
      (net 1 GND))
    (pad 1 smd roundrect (at -0.9375 0 90) (size 0.975 1.4) (layers B.Cu B.Paste B.Mask) (roundrect_rratio 0.25)
      (net 2 /3V3))
    (model ${KISYS3DMOD}/Capacitor_SMD.3dshapes/C_0805_2012Metric.wrl
      (at (xyz 0 0 0))
      (scale (xyz 1 1 1))
      (rotate (xyz 0 0 0))
    )
  )

  (module Capacitor_SMD:C_0805_2012Metric (layer B.Cu) (tedit 5B36C52B) (tstamp 5E5D0A33)
    (at 59.717239 124.36348)
    (descr "Capacitor SMD 0805 (2012 Metric), square (rectangular) end terminal, IPC_7351 nominal, (Body size source: https://docs.google.com/spreadsheets/d/1BsfQQcO9C6DZCsRaXUlFlo91Tg2WpOkGARC1WS5S8t0/edit?usp=sharing), generated with kicad-footprint-generator")
    (tags capacitor)
    (path /5E4077E0/5E411A55)
    (attr smd)
    (fp_text reference C2 (at 1.623761 1.68402 180) (layer B.SilkS)
      (effects (font (size 1 1) (thickness 0.15)) (justify mirror))
    )
    (fp_text value 4.7uF (at 0 -1.65 180) (layer B.Fab)
      (effects (font (size 1 1) (thickness 0.15)) (justify mirror))
    )
    (fp_line (start -1 -0.6) (end -1 0.6) (layer B.Fab) (width 0.1))
    (fp_line (start -1 0.6) (end 1 0.6) (layer B.Fab) (width 0.1))
    (fp_line (start 1 0.6) (end 1 -0.6) (layer B.Fab) (width 0.1))
    (fp_line (start 1 -0.6) (end -1 -0.6) (layer B.Fab) (width 0.1))
    (fp_line (start -0.258578 0.71) (end 0.258578 0.71) (layer B.SilkS) (width 0.12))
    (fp_line (start -0.258578 -0.71) (end 0.258578 -0.71) (layer B.SilkS) (width 0.12))
    (fp_line (start -1.68 -0.95) (end -1.68 0.95) (layer B.CrtYd) (width 0.05))
    (fp_line (start -1.68 0.95) (end 1.68 0.95) (layer B.CrtYd) (width 0.05))
    (fp_line (start 1.68 0.95) (end 1.68 -0.95) (layer B.CrtYd) (width 0.05))
    (fp_line (start 1.68 -0.95) (end -1.68 -0.95) (layer B.CrtYd) (width 0.05))
    (fp_text user %R (at 0 0 180) (layer B.Fab)
      (effects (font (size 0.5 0.5) (thickness 0.08)) (justify mirror))
    )
    (pad 1 smd roundrect (at -0.9375 0) (size 0.975 1.4) (layers B.Cu B.Paste B.Mask) (roundrect_rratio 0.25)
      (net 2 /3V3))
    (pad 2 smd roundrect (at 0.9375 0) (size 0.975 1.4) (layers B.Cu B.Paste B.Mask) (roundrect_rratio 0.25)
      (net 1 GND))
    (model ${KISYS3DMOD}/Capacitor_SMD.3dshapes/C_0805_2012Metric.wrl
      (at (xyz 0 0 0))
      (scale (xyz 1 1 1))
      (rotate (xyz 0 0 0))
    )
  )

  (module Capacitor_SMD:C_0805_2012Metric (layer B.Cu) (tedit 5B36C52B) (tstamp 5E5E5F44)
    (at 60.56884 108.18138 90)
    (descr "Capacitor SMD 0805 (2012 Metric), square (rectangular) end terminal, IPC_7351 nominal, (Body size source: https://docs.google.com/spreadsheets/d/1BsfQQcO9C6DZCsRaXUlFlo91Tg2WpOkGARC1WS5S8t0/edit?usp=sharing), generated with kicad-footprint-generator")
    (tags capacitor)
    (path /5E4077E0/5E45E8DA)
    (attr smd)
    (fp_text reference C3 (at 2.77138 4.40436 90) (layer B.SilkS)
      (effects (font (size 1 1) (thickness 0.15)) (justify mirror))
    )
    (fp_text value 100nF (at 0 -1.65 90) (layer B.Fab)
      (effects (font (size 1 1) (thickness 0.15)) (justify mirror))
    )
    (fp_text user %R (at 0 0 90) (layer B.Fab)
      (effects (font (size 0.5 0.5) (thickness 0.08)) (justify mirror))
    )
    (fp_line (start 1.68 -0.95) (end -1.68 -0.95) (layer B.CrtYd) (width 0.05))
    (fp_line (start 1.68 0.95) (end 1.68 -0.95) (layer B.CrtYd) (width 0.05))
    (fp_line (start -1.68 0.95) (end 1.68 0.95) (layer B.CrtYd) (width 0.05))
    (fp_line (start -1.68 -0.95) (end -1.68 0.95) (layer B.CrtYd) (width 0.05))
    (fp_line (start -0.258578 -0.71) (end 0.258578 -0.71) (layer B.SilkS) (width 0.12))
    (fp_line (start -0.258578 0.71) (end 0.258578 0.71) (layer B.SilkS) (width 0.12))
    (fp_line (start 1 -0.6) (end -1 -0.6) (layer B.Fab) (width 0.1))
    (fp_line (start 1 0.6) (end 1 -0.6) (layer B.Fab) (width 0.1))
    (fp_line (start -1 0.6) (end 1 0.6) (layer B.Fab) (width 0.1))
    (fp_line (start -1 -0.6) (end -1 0.6) (layer B.Fab) (width 0.1))
    (pad 2 smd roundrect (at 0.9375 0 90) (size 0.975 1.4) (layers B.Cu B.Paste B.Mask) (roundrect_rratio 0.25)
      (net 1 GND))
    (pad 1 smd roundrect (at -0.9375 0 90) (size 0.975 1.4) (layers B.Cu B.Paste B.Mask) (roundrect_rratio 0.25)
      (net 3 "Net-(C3-Pad1)"))
    (model ${KISYS3DMOD}/Capacitor_SMD.3dshapes/C_0805_2012Metric.wrl
      (at (xyz 0 0 0))
      (scale (xyz 1 1 1))
      (rotate (xyz 0 0 0))
    )
  )

  (module Capacitor_SMD:C_0805_2012Metric (layer F.Cu) (tedit 5B36C52B) (tstamp 5E5CCC37)
    (at 24.9428 109.4001 270)
    (descr "Capacitor SMD 0805 (2012 Metric), square (rectangular) end terminal, IPC_7351 nominal, (Body size source: https://docs.google.com/spreadsheets/d/1BsfQQcO9C6DZCsRaXUlFlo91Tg2WpOkGARC1WS5S8t0/edit?usp=sharing), generated with kicad-footprint-generator")
    (tags capacitor)
    (path /5E474060/5E4855CC)
    (attr smd)
    (fp_text reference C4 (at 2.35482 0.1016 180) (layer F.SilkS)
      (effects (font (size 1 1) (thickness 0.15)))
    )
    (fp_text value C (at 0 1.65 90) (layer F.Fab)
      (effects (font (size 1 1) (thickness 0.15)))
    )
    (fp_line (start -1 0.6) (end -1 -0.6) (layer F.Fab) (width 0.1))
    (fp_line (start -1 -0.6) (end 1 -0.6) (layer F.Fab) (width 0.1))
    (fp_line (start 1 -0.6) (end 1 0.6) (layer F.Fab) (width 0.1))
    (fp_line (start 1 0.6) (end -1 0.6) (layer F.Fab) (width 0.1))
    (fp_line (start -0.258578 -0.71) (end 0.258578 -0.71) (layer F.SilkS) (width 0.12))
    (fp_line (start -0.258578 0.71) (end 0.258578 0.71) (layer F.SilkS) (width 0.12))
    (fp_line (start -1.68 0.95) (end -1.68 -0.95) (layer F.CrtYd) (width 0.05))
    (fp_line (start -1.68 -0.95) (end 1.68 -0.95) (layer F.CrtYd) (width 0.05))
    (fp_line (start 1.68 -0.95) (end 1.68 0.95) (layer F.CrtYd) (width 0.05))
    (fp_line (start 1.68 0.95) (end -1.68 0.95) (layer F.CrtYd) (width 0.05))
    (fp_text user %R (at 0 0 90) (layer F.Fab)
      (effects (font (size 0.5 0.5) (thickness 0.08)))
    )
    (pad 1 smd roundrect (at -0.9375 0 270) (size 0.975 1.4) (layers F.Cu F.Paste F.Mask) (roundrect_rratio 0.25)
      (net 141 /VoltageRegulation/5V_OUT))
    (pad 2 smd roundrect (at 0.9375 0 270) (size 0.975 1.4) (layers F.Cu F.Paste F.Mask) (roundrect_rratio 0.25)
      (net 1 GND))
    (model ${KISYS3DMOD}/Capacitor_SMD.3dshapes/C_0805_2012Metric.wrl
      (at (xyz 0 0 0))
      (scale (xyz 1 1 1))
      (rotate (xyz 0 0 0))
    )
  )

  (module Capacitor_SMD:C_0805_2012Metric (layer F.Cu) (tedit 5B36C52B) (tstamp 5E5CCD87)
    (at 31.8031 116.4082)
    (descr "Capacitor SMD 0805 (2012 Metric), square (rectangular) end terminal, IPC_7351 nominal, (Body size source: https://docs.google.com/spreadsheets/d/1BsfQQcO9C6DZCsRaXUlFlo91Tg2WpOkGARC1WS5S8t0/edit?usp=sharing), generated with kicad-footprint-generator")
    (tags capacitor)
    (path /5E474060/5E4838F7)
    (attr smd)
    (fp_text reference C5 (at 0.02564 1.59004 180) (layer F.SilkS)
      (effects (font (size 1 1) (thickness 0.15)))
    )
    (fp_text value C (at 0 1.65) (layer F.Fab)
      (effects (font (size 1 1) (thickness 0.15)))
    )
    (fp_text user %R (at 0 0) (layer F.Fab)
      (effects (font (size 0.5 0.5) (thickness 0.08)))
    )
    (fp_line (start 1.68 0.95) (end -1.68 0.95) (layer F.CrtYd) (width 0.05))
    (fp_line (start 1.68 -0.95) (end 1.68 0.95) (layer F.CrtYd) (width 0.05))
    (fp_line (start -1.68 -0.95) (end 1.68 -0.95) (layer F.CrtYd) (width 0.05))
    (fp_line (start -1.68 0.95) (end -1.68 -0.95) (layer F.CrtYd) (width 0.05))
    (fp_line (start -0.258578 0.71) (end 0.258578 0.71) (layer F.SilkS) (width 0.12))
    (fp_line (start -0.258578 -0.71) (end 0.258578 -0.71) (layer F.SilkS) (width 0.12))
    (fp_line (start 1 0.6) (end -1 0.6) (layer F.Fab) (width 0.1))
    (fp_line (start 1 -0.6) (end 1 0.6) (layer F.Fab) (width 0.1))
    (fp_line (start -1 -0.6) (end 1 -0.6) (layer F.Fab) (width 0.1))
    (fp_line (start -1 0.6) (end -1 -0.6) (layer F.Fab) (width 0.1))
    (pad 2 smd roundrect (at 0.9375 0) (size 0.975 1.4) (layers F.Cu F.Paste F.Mask) (roundrect_rratio 0.25)
      (net 5 "Net-(C5-Pad2)"))
    (pad 1 smd roundrect (at -0.9375 0) (size 0.975 1.4) (layers F.Cu F.Paste F.Mask) (roundrect_rratio 0.25)
      (net 6 "Net-(C5-Pad1)"))
    (model ${KISYS3DMOD}/Capacitor_SMD.3dshapes/C_0805_2012Metric.wrl
      (at (xyz 0 0 0))
      (scale (xyz 1 1 1))
      (rotate (xyz 0 0 0))
    )
  )

  (module Capacitor_SMD:C_0805_2012Metric (layer F.Cu) (tedit 5B36C52B) (tstamp 5E5CCD57)
    (at 36.6776 115.6462 90)
    (descr "Capacitor SMD 0805 (2012 Metric), square (rectangular) end terminal, IPC_7351 nominal, (Body size source: https://docs.google.com/spreadsheets/d/1BsfQQcO9C6DZCsRaXUlFlo91Tg2WpOkGARC1WS5S8t0/edit?usp=sharing), generated with kicad-footprint-generator")
    (tags capacitor)
    (path /5E474060/5E4885BC)
    (attr smd)
    (fp_text reference C6 (at -0.04572 -1.3081 90) (layer F.SilkS)
      (effects (font (size 1 1) (thickness 0.15)))
    )
    (fp_text value C (at 0 1.65 90) (layer F.Fab)
      (effects (font (size 1 1) (thickness 0.15)))
    )
    (fp_text user %R (at 0 0 90) (layer F.Fab)
      (effects (font (size 0.5 0.5) (thickness 0.08)))
    )
    (fp_line (start 1.68 0.95) (end -1.68 0.95) (layer F.CrtYd) (width 0.05))
    (fp_line (start 1.68 -0.95) (end 1.68 0.95) (layer F.CrtYd) (width 0.05))
    (fp_line (start -1.68 -0.95) (end 1.68 -0.95) (layer F.CrtYd) (width 0.05))
    (fp_line (start -1.68 0.95) (end -1.68 -0.95) (layer F.CrtYd) (width 0.05))
    (fp_line (start -0.258578 0.71) (end 0.258578 0.71) (layer F.SilkS) (width 0.12))
    (fp_line (start -0.258578 -0.71) (end 0.258578 -0.71) (layer F.SilkS) (width 0.12))
    (fp_line (start 1 0.6) (end -1 0.6) (layer F.Fab) (width 0.1))
    (fp_line (start 1 -0.6) (end 1 0.6) (layer F.Fab) (width 0.1))
    (fp_line (start -1 -0.6) (end 1 -0.6) (layer F.Fab) (width 0.1))
    (fp_line (start -1 0.6) (end -1 -0.6) (layer F.Fab) (width 0.1))
    (pad 2 smd roundrect (at 0.9375 0 90) (size 0.975 1.4) (layers F.Cu F.Paste F.Mask) (roundrect_rratio 0.25)
      (net 1 GND))
    (pad 1 smd roundrect (at -0.9375 0 90) (size 0.975 1.4) (layers F.Cu F.Paste F.Mask) (roundrect_rratio 0.25)
      (net 7 /VBAT))
    (model ${KISYS3DMOD}/Capacitor_SMD.3dshapes/C_0805_2012Metric.wrl
      (at (xyz 0 0 0))
      (scale (xyz 1 1 1))
      (rotate (xyz 0 0 0))
    )
  )

  (module Capacitor_SMD:C_0805_2012Metric (layer F.Cu) (tedit 5B36C52B) (tstamp 5E5CCD27)
    (at 26.66214 104.7623 180)
    (descr "Capacitor SMD 0805 (2012 Metric), square (rectangular) end terminal, IPC_7351 nominal, (Body size source: https://docs.google.com/spreadsheets/d/1BsfQQcO9C6DZCsRaXUlFlo91Tg2WpOkGARC1WS5S8t0/edit?usp=sharing), generated with kicad-footprint-generator")
    (tags capacitor)
    (path /5E474060/5E481CCA)
    (attr smd)
    (fp_text reference C7 (at 0 -1.65) (layer F.SilkS)
      (effects (font (size 1 1) (thickness 0.15)))
    )
    (fp_text value C (at 0 1.65) (layer F.Fab)
      (effects (font (size 1 1) (thickness 0.15)))
    )
    (fp_line (start -1 0.6) (end -1 -0.6) (layer F.Fab) (width 0.1))
    (fp_line (start -1 -0.6) (end 1 -0.6) (layer F.Fab) (width 0.1))
    (fp_line (start 1 -0.6) (end 1 0.6) (layer F.Fab) (width 0.1))
    (fp_line (start 1 0.6) (end -1 0.6) (layer F.Fab) (width 0.1))
    (fp_line (start -0.258578 -0.71) (end 0.258578 -0.71) (layer F.SilkS) (width 0.12))
    (fp_line (start -0.258578 0.71) (end 0.258578 0.71) (layer F.SilkS) (width 0.12))
    (fp_line (start -1.68 0.95) (end -1.68 -0.95) (layer F.CrtYd) (width 0.05))
    (fp_line (start -1.68 -0.95) (end 1.68 -0.95) (layer F.CrtYd) (width 0.05))
    (fp_line (start 1.68 -0.95) (end 1.68 0.95) (layer F.CrtYd) (width 0.05))
    (fp_line (start 1.68 0.95) (end -1.68 0.95) (layer F.CrtYd) (width 0.05))
    (fp_text user %R (at 0 0) (layer F.Fab)
      (effects (font (size 0.5 0.5) (thickness 0.08)))
    )
    (pad 1 smd roundrect (at -0.9375 0 180) (size 0.975 1.4) (layers F.Cu F.Paste F.Mask) (roundrect_rratio 0.25)
      (net 141 /VoltageRegulation/5V_OUT))
    (pad 2 smd roundrect (at 0.9375 0 180) (size 0.975 1.4) (layers F.Cu F.Paste F.Mask) (roundrect_rratio 0.25)
      (net 1 GND))
    (model ${KISYS3DMOD}/Capacitor_SMD.3dshapes/C_0805_2012Metric.wrl
      (at (xyz 0 0 0))
      (scale (xyz 1 1 1))
      (rotate (xyz 0 0 0))
    )
  )

  (module Capacitor_SMD:C_0805_2012Metric (layer F.Cu) (tedit 5B36C52B) (tstamp 5E5CCCF7)
    (at 35.7124 103.5073 270)
    (descr "Capacitor SMD 0805 (2012 Metric), square (rectangular) end terminal, IPC_7351 nominal, (Body size source: https://docs.google.com/spreadsheets/d/1BsfQQcO9C6DZCsRaXUlFlo91Tg2WpOkGARC1WS5S8t0/edit?usp=sharing), generated with kicad-footprint-generator")
    (tags capacitor)
    (path /5E474060/5E48B168)
    (attr smd)
    (fp_text reference C8 (at 0.5057 -3.0226 90) (layer F.SilkS)
      (effects (font (size 1 1) (thickness 0.15)))
    )
    (fp_text value C (at 0 1.65 90) (layer F.Fab)
      (effects (font (size 1 1) (thickness 0.15)))
    )
    (fp_line (start -1 0.6) (end -1 -0.6) (layer F.Fab) (width 0.1))
    (fp_line (start -1 -0.6) (end 1 -0.6) (layer F.Fab) (width 0.1))
    (fp_line (start 1 -0.6) (end 1 0.6) (layer F.Fab) (width 0.1))
    (fp_line (start 1 0.6) (end -1 0.6) (layer F.Fab) (width 0.1))
    (fp_line (start -0.258578 -0.71) (end 0.258578 -0.71) (layer F.SilkS) (width 0.12))
    (fp_line (start -0.258578 0.71) (end 0.258578 0.71) (layer F.SilkS) (width 0.12))
    (fp_line (start -1.68 0.95) (end -1.68 -0.95) (layer F.CrtYd) (width 0.05))
    (fp_line (start -1.68 -0.95) (end 1.68 -0.95) (layer F.CrtYd) (width 0.05))
    (fp_line (start 1.68 -0.95) (end 1.68 0.95) (layer F.CrtYd) (width 0.05))
    (fp_line (start 1.68 0.95) (end -1.68 0.95) (layer F.CrtYd) (width 0.05))
    (fp_text user %R (at 0 0 90) (layer F.Fab)
      (effects (font (size 0.5 0.5) (thickness 0.08)))
    )
    (pad 1 smd roundrect (at -0.9375 0 270) (size 0.975 1.4) (layers F.Cu F.Paste F.Mask) (roundrect_rratio 0.25)
      (net 142 /VoltageRegulation/3V3_OUT))
    (pad 2 smd roundrect (at 0.9375 0 270) (size 0.975 1.4) (layers F.Cu F.Paste F.Mask) (roundrect_rratio 0.25)
      (net 8 "Net-(C8-Pad2)"))
    (model ${KISYS3DMOD}/Capacitor_SMD.3dshapes/C_0805_2012Metric.wrl
      (at (xyz 0 0 0))
      (scale (xyz 1 1 1))
      (rotate (xyz 0 0 0))
    )
  )

  (module Capacitor_SMD:C_0805_2012Metric (layer F.Cu) (tedit 5B36C52B) (tstamp 5E5CCCC7)
    (at 27.432 102.0572 270)
    (descr "Capacitor SMD 0805 (2012 Metric), square (rectangular) end terminal, IPC_7351 nominal, (Body size source: https://docs.google.com/spreadsheets/d/1BsfQQcO9C6DZCsRaXUlFlo91Tg2WpOkGARC1WS5S8t0/edit?usp=sharing), generated with kicad-footprint-generator")
    (tags capacitor)
    (path /5E474060/5E4932AB)
    (attr smd)
    (fp_text reference C9 (at -0.4572 1.651 90) (layer F.SilkS)
      (effects (font (size 1 1) (thickness 0.15)))
    )
    (fp_text value C (at 0 1.65 90) (layer F.Fab)
      (effects (font (size 1 1) (thickness 0.15)))
    )
    (fp_text user %R (at 0 0 90) (layer F.Fab)
      (effects (font (size 0.5 0.5) (thickness 0.08)))
    )
    (fp_line (start 1.68 0.95) (end -1.68 0.95) (layer F.CrtYd) (width 0.05))
    (fp_line (start 1.68 -0.95) (end 1.68 0.95) (layer F.CrtYd) (width 0.05))
    (fp_line (start -1.68 -0.95) (end 1.68 -0.95) (layer F.CrtYd) (width 0.05))
    (fp_line (start -1.68 0.95) (end -1.68 -0.95) (layer F.CrtYd) (width 0.05))
    (fp_line (start -0.258578 0.71) (end 0.258578 0.71) (layer F.SilkS) (width 0.12))
    (fp_line (start -0.258578 -0.71) (end 0.258578 -0.71) (layer F.SilkS) (width 0.12))
    (fp_line (start 1 0.6) (end -1 0.6) (layer F.Fab) (width 0.1))
    (fp_line (start 1 -0.6) (end 1 0.6) (layer F.Fab) (width 0.1))
    (fp_line (start -1 -0.6) (end 1 -0.6) (layer F.Fab) (width 0.1))
    (fp_line (start -1 0.6) (end -1 -0.6) (layer F.Fab) (width 0.1))
    (pad 2 smd roundrect (at 0.9375 0 270) (size 0.975 1.4) (layers F.Cu F.Paste F.Mask) (roundrect_rratio 0.25)
      (net 1 GND))
    (pad 1 smd roundrect (at -0.9375 0 270) (size 0.975 1.4) (layers F.Cu F.Paste F.Mask) (roundrect_rratio 0.25)
      (net 142 /VoltageRegulation/3V3_OUT))
    (model ${KISYS3DMOD}/Capacitor_SMD.3dshapes/C_0805_2012Metric.wrl
      (at (xyz 0 0 0))
      (scale (xyz 1 1 1))
      (rotate (xyz 0 0 0))
    )
  )

  (module Capacitor_SMD:C_0805_2012Metric (layer B.Cu) (tedit 5B36C52B) (tstamp 5E5E7937)
    (at 60.0583 80.2917 90)
    (descr "Capacitor SMD 0805 (2012 Metric), square (rectangular) end terminal, IPC_7351 nominal, (Body size source: https://docs.google.com/spreadsheets/d/1BsfQQcO9C6DZCsRaXUlFlo91Tg2WpOkGARC1WS5S8t0/edit?usp=sharing), generated with kicad-footprint-generator")
    (tags capacitor)
    (path /5E4ABAFE/5E40A5C9)
    (attr smd)
    (fp_text reference C10 (at 0.1039 4.9149 90) (layer B.SilkS)
      (effects (font (size 1 1) (thickness 0.15)) (justify mirror))
    )
    (fp_text value 1uF (at 0 -1.65 90) (layer B.Fab)
      (effects (font (size 1 1) (thickness 0.15)) (justify mirror))
    )
    (fp_line (start -1 -0.6) (end -1 0.6) (layer B.Fab) (width 0.1))
    (fp_line (start -1 0.6) (end 1 0.6) (layer B.Fab) (width 0.1))
    (fp_line (start 1 0.6) (end 1 -0.6) (layer B.Fab) (width 0.1))
    (fp_line (start 1 -0.6) (end -1 -0.6) (layer B.Fab) (width 0.1))
    (fp_line (start -0.258578 0.71) (end 0.258578 0.71) (layer B.SilkS) (width 0.12))
    (fp_line (start -0.258578 -0.71) (end 0.258578 -0.71) (layer B.SilkS) (width 0.12))
    (fp_line (start -1.68 -0.95) (end -1.68 0.95) (layer B.CrtYd) (width 0.05))
    (fp_line (start -1.68 0.95) (end 1.68 0.95) (layer B.CrtYd) (width 0.05))
    (fp_line (start 1.68 0.95) (end 1.68 -0.95) (layer B.CrtYd) (width 0.05))
    (fp_line (start 1.68 -0.95) (end -1.68 -0.95) (layer B.CrtYd) (width 0.05))
    (fp_text user %R (at 0 0 90) (layer B.Fab)
      (effects (font (size 0.5 0.5) (thickness 0.08)) (justify mirror))
    )
    (pad 1 smd roundrect (at -0.9375 0 90) (size 0.975 1.4) (layers B.Cu B.Paste B.Mask) (roundrect_rratio 0.25)
      (net 2 /3V3))
    (pad 2 smd roundrect (at 0.9375 0 90) (size 0.975 1.4) (layers B.Cu B.Paste B.Mask) (roundrect_rratio 0.25)
      (net 1 GND))
    (model ${KISYS3DMOD}/Capacitor_SMD.3dshapes/C_0805_2012Metric.wrl
      (at (xyz 0 0 0))
      (scale (xyz 1 1 1))
      (rotate (xyz 0 0 0))
    )
  )

  (module Capacitor_SMD:C_0805_2012Metric (layer B.Cu) (tedit 5B36C52B) (tstamp 5E41423A)
    (at 60.325 97.84588)
    (descr "Capacitor SMD 0805 (2012 Metric), square (rectangular) end terminal, IPC_7351 nominal, (Body size source: https://docs.google.com/spreadsheets/d/1BsfQQcO9C6DZCsRaXUlFlo91Tg2WpOkGARC1WS5S8t0/edit?usp=sharing), generated with kicad-footprint-generator")
    (tags capacitor)
    (path /5E4ABAFE/5E411A55)
    (attr smd)
    (fp_text reference C11 (at 1.8542 1.65 180) (layer B.SilkS)
      (effects (font (size 1 1) (thickness 0.15)) (justify mirror))
    )
    (fp_text value 4.7uF (at 0 -1.65 180) (layer B.Fab)
      (effects (font (size 1 1) (thickness 0.15)) (justify mirror))
    )
    (fp_text user %R (at 0 0 180) (layer B.Fab)
      (effects (font (size 0.5 0.5) (thickness 0.08)) (justify mirror))
    )
    (fp_line (start 1.68 -0.95) (end -1.68 -0.95) (layer B.CrtYd) (width 0.05))
    (fp_line (start 1.68 0.95) (end 1.68 -0.95) (layer B.CrtYd) (width 0.05))
    (fp_line (start -1.68 0.95) (end 1.68 0.95) (layer B.CrtYd) (width 0.05))
    (fp_line (start -1.68 -0.95) (end -1.68 0.95) (layer B.CrtYd) (width 0.05))
    (fp_line (start -0.258578 -0.71) (end 0.258578 -0.71) (layer B.SilkS) (width 0.12))
    (fp_line (start -0.258578 0.71) (end 0.258578 0.71) (layer B.SilkS) (width 0.12))
    (fp_line (start 1 -0.6) (end -1 -0.6) (layer B.Fab) (width 0.1))
    (fp_line (start 1 0.6) (end 1 -0.6) (layer B.Fab) (width 0.1))
    (fp_line (start -1 0.6) (end 1 0.6) (layer B.Fab) (width 0.1))
    (fp_line (start -1 -0.6) (end -1 0.6) (layer B.Fab) (width 0.1))
    (pad 2 smd roundrect (at 0.9375 0) (size 0.975 1.4) (layers B.Cu B.Paste B.Mask) (roundrect_rratio 0.25)
      (net 1 GND))
    (pad 1 smd roundrect (at -0.9375 0) (size 0.975 1.4) (layers B.Cu B.Paste B.Mask) (roundrect_rratio 0.25)
      (net 2 /3V3))
    (model ${KISYS3DMOD}/Capacitor_SMD.3dshapes/C_0805_2012Metric.wrl
      (at (xyz 0 0 0))
      (scale (xyz 1 1 1))
      (rotate (xyz 0 0 0))
    )
  )

  (module Capacitor_SMD:C_0805_2012Metric (layer B.Cu) (tedit 5B36C52B) (tstamp 5E5E7907)
    (at 62.1411 80.31456 90)
